Ground truth file: data/MML2024/example4.gt
Morphetic pitch
TLF1: 0.61455525606469
TLP: 0.5700000000000001
TLR: 0.6666666666666666
