Ground truth file: data/MML2024/example4.gt
Morphetic pitch
TLF1: 0.5714285714285714
TLP: 0.4444444444444445
TLR: 0.8000000000000002
