Ground truth file: data/MML2024/example4.gt
Morphetic pitch
TLF1: 0.6658130601792575
TLP: 0.5252525252525253
TLR: 0.9090909090909091
