Ground truth file: data/MML2024/example3.gt
Morphetic pitch
TLF1: 0.3835897435897436
TLP: 0.3835897435897437
TLR: 0.3835897435897437
