Ground truth file: data/MML2024/example3.gt
Morphetic pitch
TLF1: 0.5647058823529412
TLP: 0.5647058823529412
TLR: 0.5647058823529412
