Ground truth file: data/MML2024/example4.gt
Morphetic pitch
TLF1: 0.7288135593220341
TLP: 0.7288135593220341
TLR: 0.7288135593220341
